Design (A4,A5, . . .) Columns
8-1.1 0 0 0 0 1 127
9-2.1 0 0 3 0 0 31 103
10-3.1 0 3 3 1 0 31 103 43
11-4.1 0 6 6 2 1 31 103 43 85
12-5.1 1 8 12 8 31 103 43 85 121
12-5.2 1 10 10 5 31 103 43 85 44
12-5.3 1 10 11 4 31 103 43 85 46
13-6.1 2 16 18 10 31 103 43 85 44 86
13-6.2 2 16 20 8 31 103 43 85 46 61
14-7.1 3 24 36 16 31 103 43 85 46 61 114
15-8.1 7 32 52 40 31 103 43 85 46 61 114 67
15-8.2 7 34 46 42 31 103 43 85 44 86 88 53
15-8.3 7 38 44 28 31 103 43 85 46 61 114 13
16-9.1 10 48 72 31 103 43 85 44 86 88 53 110
17-10.1 15 60 130 31 103 43 85 46 61 114 67 78 116
17-10.2 15 66 110 31 103 43 85 46 61 114 67 78 55
17-10.3 15 68 106 31 103 43 85 44 86 88 53 38 58
17-10.4 15 72 102 31 103 43 85 46 61 114 67 13 55
18-11.1 20 80 200 31 103 43 85 46 61 114 67 78 116 121
18-11.2 20 92 160 31 103 43 85 46 61 114 67 78 55 58
19-12.1 27 120 235 31 103 43 85 46 61 114 67 78 55 58 86
20-13.1 36 152 340 31 103 43 85 46 61 114 67 78 55 58 86 91
21-14.1 51 200 414 31 103 43 85 44 82 54 56 88 78 123 125 104 25
21-14.2 51 202 400 31 103 43 85 44 86 88 53 38 58 79 83 110 124
22-15.1 65 248 572 31 103 43 85 44 86 88 53 78 58 83 97 28 104 114
22-15.2 65 256 552 31 103 43 85 44 82 54 56 88 78 123 125 104 25 112
23-16.1 83 316 744 31 103 43 85 44 82 54 56 88 78 123 125 104 25 112 49
23-16.2 83 318 734 31 103 43 85 44 86 88 53 38 58 79 83 110 124 97 104
24-17.1 102 384 992 31 103 43 85 44 86 88 53 110 19 28 57 67 98 100 26 105
24-17.2 102 394 985 31 103 43 85 44 86 88 53 38 58 79 83 110 124 97 104 114
25-18.1 124 482 1312 31 103 43 85 44 86 88 53 38 58 79 83 110 124 97 104 114 123
26-19.1 152 568 1704 31 103 43 85 44 86 88 53 110 19 28 57 67 98 100 26 105 62 77
27-20.1 180 690 2200 31 103 43 85 44 86 88 53 110 19 28 57 67 98 100 26 105 62 77 112
28-21.1 210 840 2800 31 103 43 85 44 86 88 53 110 19 28 57 67 98 100 26 105 62 77 112 127
29-22.1 266 945 3,472 31 103 43 85 44 86 88 53 110 19 28 57 67 98 100 26 105 62 77 112 127 124
30-23.1 335 972 4,662 31 103 43 81 45 26 114 127 22 67 56 94 116 7 38 108 14 69 53 25 73 121 28
31-24.1 391 1134 5,826 same as design 30-23.1, plus 91
31-24.2 391 1134 5,827 same as design 30-23.1, plus 51
32-25.1 452 1322 7,219 same as design 30-23.1, plus 51 97
32-25.2 452 1323 7,218 same as design 30-23.1, plus 91 51
32-25.3 452 1324 7,219 same as design 30-23.1, plus 51 62
33-26.1 518 1543 8,863 same as design 30-23.1, plus 51 97 70
33-26.2 518 1544 8,863 same as design 30-23.1, plus 91 51 62
34-27.1 589 1800 same as design 30-23.1, plus 51 97 70 79
34-27.2 589 1801 same as design 30-23.1, plus 51 97 70 87
35-28.1 665 2100 same as design 30-23.1, plus 51 97 70 79 93
35-28.2 665 2101 same as design 30-23.1, plus 51 97 70 79 91
36-29.1 756 2401 same as design 30-23.1, plus 51 97 70 79 93 62
37-30.1 854 2744 same as design 30-23.1, plus 51 97 70 79 93 62 87
38-31.1 959 3,136 same as design 30-23.1, plus 51 97 70 79 93 62 87 88
39-32.1 1071 3,584 same as design 30-23.1, plus 51 97 70 79 93 62 87 88 91
40-33.1 1190 4,096 same as design 30-23.1, plus 51 97 70 79 93 62 87 88 91 106