Design (A4,A5, . . .) Columns
10-1.1 0 0 0 0 0 0 1 511
11-2.1 0 0 0 2 1 0 0 127 399
12-3.1 0 0 2 4 1 0 0 127 399 179
13-4.1 0 0 4 8 3 0 0 127 399 179 341
14-5.1 0 0 7 16 7 0 0 127 399 179 341 489
15-6.1 0 0 25 0 30 0 127 391 155 301 206 501
16-7.1 0 0 44 0 45 0 127 391 155 301 206 188 358
17-8.1 0 0 68 0 85 0 127 391 155 301 206 188 358 369
18-9.1 0 0 102 0 153 127 391 155 301 206 188 358 369 468
19-10.1 0 12 84 156 127 143 307 181 211 285 327 105 427 473
20-11.1 0 16 120 240 127 143 307 181 211 285 327 105 427 473 485
21-12.1 0 21 168 360 127 143 307 181 211 285 327 105 427 473 485 510
22-13.1 0 63 189 325 127 391 155 301 206 188 358 350 507 105 298 275 369
23-14.1 0 84 252 445 127 391 155 301 206 188 358 23 340 430 435 90 450 99
24-15.1 2 102 332 127 391 155 301 206 188 358 23 469 380 226 77 441 116 420
25-16.1 4 127 428 127 143 307 181 211 285 105 427 331 337 39 456 60 453 162 198