Design (A4,A5, . . .) Columns
11-1.1 0 0 0 0 0 0 1023
12-2.1 0 0 0 0 3 0 127 911
13-3.1 0 0 0 4 3 0 127 911 435
14-4.1 0 0 0 8 7 0 127 911 435 725
15-5.1 0 0 0 15 15 127 911 435 725 873
16-6.1 0 0 6 25 15 127 911 435 725 873 158
17-7.1 0 0 12 41 127 911 435 725 873 158 327
18-8.1 0 0 19 66 127 911 435 725 873 158 327 490
19-9.1 0 0 28 104 127 911 435 725 873 158 327 490 626
20-10.1 0 0 40 160 127 911 435 725 873 158 327 490 626 697
21-11.1 0 0 56 240 127 911 435 725 873 158 327 490 626 697 860
22-12.1 0 0 77 352 127 911 435 725 873 158 327 490 626 697 860 932
23-13.1 0 0 251 0 127 911 179 341 614 158 968 283 805 466 555 508 535
24-14.1 0 0 336 0 127 911 179 341 614 158 790 440 964 625 995 234 334 589
25-15 0 22 336
26-16 0 44 358 439 892 174 213 847 109 647 299 985 31 805 716 339 701 222 231
27-17 0 68 392 415 892 174 631 901 107 94 493 295 716 314 527 793 697 940 605 586
28-18 0 90 483 415 892 174 631 901 107 94 493 295 716 314 527 793 753 676 455 270 669
29-19 0 118 586 638 1009 283 982 244 844 541 174 809 121 677 835 453 474 615 207 960 503 92
30-20 0 152 703 998 127 433 861 527 714 681 286 299 908 376 220 242 135 975 763 189 610 836 938
31-21 0 189 863 638 1009 283 982 244 844 541 174 809 121 677 835 453 670 54 401 169 621 778 390
957
32-22 0 231 1056
33-23 0 275 1287 979 877 351 1012 391 362 213 974 307 905 412 811 639 114 187 688 202 92 669 572
848 870 534
35-25 10 365
38-28 22 564 702 493 865 422 722 283 1002 405 251 953 47 1015 899 882 101 163 474 736 554 563
733 879 57 383 151 651 71 646
40-30 34 728
42-32 48 940 859 757 227 557 914 124 988 463 214 678 488 939 154 46 423 1023 867 876 396 630
537 583 696 805 921 712 822 169 500 754 618 743
45-35 76 1344 830 967 428 475 220 182 601 844 654 703 519 298 636 353 29 969 929 565 918 875 111
725 755 624 307 456 399 832 792 805 386 506 366 62 1008