Design (A4,A5, . . .) Columns
29-21 78 579 251 244 174 99 198 27 109 92 133 87 225 73 57 137 62 51 209 148 147 44 74
30-22 93 672
31-23 113 792
32-24 133 932
33-25 153 1095 239 179 188 101 149 63 75 226 121 223 216 30 25 204 182 45 142 228 53 71 118 93 115 167 176
34-26 176 1280
35-27 200 1488
36-28 225 1728 239 179 188 101 149 63 75 226 121 223 216 30 25 204 182 45 142 228 53 71 118 93 115 167 233 23 195 141
37-29 264 2004
38-30 297 2304
39-31 333 2632
40-32 370 3,008 253 230 115 186 45 89 156 240 107 62 236 55 95 153 215 146 120 57 200 222 21 134 182 212 168 207 67 101 251
138 15 161
41-33 468 3,134 254 173 31 116 57 147 203 241 86 163 194 142 91 253 71 232 44 43 101 223 99 26 176 39 187 149 193 204 208
85 106 105 150
42-34 525 3,516
43-35 598 3,882 247 61 91 240 30 143 106 195 86 252 79 54 210 108 180 85 101 232 201 47 177 206 138 113 56 19 174 187 250
173 41 249 151 235 126
44-36 679 4,032 223 124 55 197 113 216 106 230 137 134 189 212 45 149 14 254 146 224 187 131 90 194 243 31 235 167 172 73
176 123 103 182 158 83 170 79
45-37 760 4,792
48-40 1019 6,648 254 179 199 232 153 53 15 102 88 229 171 127 210 201 148 69 41 249 227 54 219 244 81 84 59 76 174 206 141
30 196 107 19 60 114 186 191 167 247 239
51-43 1365 9,100 254 55 79 227 154 106 60 133 109 216 113 191 46 203 156 251 118 230 184 167 69 83 43 182 30 73 233 84 196
179 76 221 164 215 162 50 245 242 134 13 193 21 153
54-46 1769 11,152 253 230 79 55 156 85 108 62 154 233 176 196 159 174 123 67 248 149 137 219 227 254 200 74 239 199 244 114
147 185 224 205 193 234 247 210 167 241 206 150 13 70 92 25 73 41
55-47 1911 12,240 254 47 121 227 180 114 170 223 178 59 103 233 177 151 236 53 25 239 141 165 124 193 224 104 78 56 28 134
127 85 196 22 77 131 62 247 152 199 19 75 208 202 230 251 191 90 31
58-50 2534 15,120 254 107 143 61 216 30 180 211 138 95 196 104 46 185 50 102 251 27 168 101 49 124 146 237 122 21 203 194 76
171 156 193 166 227 131 191 67 73 165 214 241 199 221 81 242 7 119 56 121 186
71-63 6,273 36,014 251 94 199 117 232 89 58 173 55 139 21 103 134 133 247 179 77 140 227 27 67 41 170 145 107 84 148 252 206
97 211 161 181 230 208 218 201 87 229 127 108 214 146 194 164 61 221 120 167 115 152 98 159 176 74 35 70 22
46 49 185 242 52
80-72 10,300 65,536 251 94 199 117 232 89 58 173 55 139 21 103 134 133 247 179 77 140 227 27 67 41 170 145 107 84 148 252 206
97 211 161 181 230 208 218 201 87 229 127 108 214 146 194 164 61 221 120 167 115 152 98 159 176 74 35 70 22
46 49 185 242 196 82 28 190 118 15 241 37 239 52