Design (A4,A5, . . .) Columns
9-1.1 0 0 0 0 0 1 255
10-2.1 0 0 1 2 0 0 63 199
11-3.1 0 0 6 0 1 0 127 143 179
12-4.1 0 0 12 0 3 127 143 179 213
13-5.1 0 3 12 12 127 143 179 213 105
14-6.1 0 9 18 16 127 143 179 213 105 27
15-7.1 0 15 30 26 127 143 179 213 105 27 46
16-8.1 0 24 44 40 127 143 179 85 150 75 108 189
17-9.1 0 34 68 68 127 143 179 85 150 75 108 189 229
18-10.1 3 36 114 127 143 179 213 105 27 46 182 92 194
18-10.2 3 42 102 127 143 179 213 105 27 46 152 203 214
18-10.3 3 44 98 127 143 179 213 105 27 46 92 152 203
18-10.4 3 46 92 127 143 179 85 150 75 108 189 229 7
18-10.5 3 47 95 127 143 179 213 105 27 46 77 158 185
18-10.6 3 48 94 127 143 179 213 105 27 46 77 185 234
18-10.7 3 48 96 127 143 179 85 150 75 108 118 184 234
18-10.8 3 48 102 127 143 179 213 105 27 46 158 164 185
19-11.1 4 48 168 127 143 179 213 105 27 46 182 92 194 229
19-11.2 4 56 152 127 143 179 213 105 27 46 152 203 214 236
19-11.3 4 60 144 127 143 179 213 105 27 46 152 203 214 92
19-11.4 4 64 140 127 143 179 213 105 27 46 77 158 185 234
19-11.5 4 64 152 127 143 179 213 105 27 46 158 164 185 234
20-12.1 5 64 240 127 143 179 213 105 27 46 182 92 194 229 248
20-12.2 5 80 208 127 143 179 213 105 27 46 152 203 214 236 92
21-13.1 9 104 268 127 143 179 213 105 27 46 152 203 214 236 92 45
22-14.1 14 137 346 127 143 179 213 105 27 46 77 158 185 234 164 88 201
23-15.1 20 172 450 127 143 179 213 105 27 46 77 158 185 234 201 88 43 236
24-16.1 26 216 584 127 143 179 213 105 27 46 77 158 185 84 248 166 83 146 165
25-17.1 34 262 760 127 143 179 213 105 27 46 77 158 185 84 248 166 83 146 165 49
25-17.2 34 266 752 127 143 179 213 105 27 46 77 158 185 84 248 166 83 146 165 78
26-18.1 43 325 963 127 143 179 213 105 27 46 77 158 185 84 248 166 83 146 165 78 113
26-18.2 43 326 960 127 143 179 213 105 27 46 77 158 185 84 248 166 83 146 165 78 124
27-19.1 53 395 1224 127 143 179 213 105 27 46 77 158 185 84 248 166 83 146 165 78 113 124
28-20.1 64 476 1550 127 143 179 213 105 27 46 77 158 185 84 248 166 83 146 165 78 113 124 228