Design (A5,A6, . . .) Columns
12-1.1 0 0 0 0 0 0 2047
13-2.1 0 0 0 1 2 0 255 1807
14-3.1 0 0 0 7 0 0 127 911 1459
15-4.1 0 0 0 15 0 0 127 911 1459 1749
16-5.1 0 0 0 30 0 0 127 911 1459 1749 1897
17-6.1 0 0 16 30 0 127 911 1459 1749 1897 470
18-7.1 0 0 32 46 0 127 911 1459 1749 1897 470 739
19-8.1 0 0 52 78 0 127 911 1459 1749 1897 470 739 826
20-9.1 0 0 80 130 127 911 1459 1749 1897 470 739 826 1272
21-10.1 0 0 120 210 127 911 1459 1749 1897 470 739 826 1272 1309
22-11.1 0 0 176 330 127 911 1459 1749 1897 470 739 826 1272 1309 1614
23-12.1 0 0 253 506 127 911 1459 1749 1897 470 739 826 1272 1309 1614 1956
24-13 0 85 272
25-14 0 119 336
26-15 0 166 416
27-16 0 230 512 1646 1438 247 1748 1227 635 1807 494 1356 969 1964 854 2047 1299 1521 1378
28-17 0 421 0 1946 1863 1001 1660 757 671 433 1361 626 254 1221 551 2004 1078 1549 397 1402
29-18 0 537 0 1598 743 1931 1367 426 1473 696 1144 358 1754 1749 635 1797 1615 1858 1012 1500 179
30-19 0 677 0 1646 823 1494 1693 109 682 968 1869 1243 1294 1330 1009 494 628 991 1872 376 1067 1453
31-20 0 845 0 1722 379 935 1623 494 1426 223 527 1294 962 1670 637 1816 248 1081 1483 1500 1453 409
747
32-21 0 1048 0
33-22 0 1285 0
34-23 0 1562 0 743 954 1387 1524 1077 880 1417 2047 421 1001 214 790 1454 618 1082 1574 1709 1736 313
1474 731 654 913
35-24 121 1069
40-29 331 2170 1822 1645 1012 1423 1187 555 1180 1137 2027 453 1990 151 1528 295 818 362 185 1321 1356
94 1607 1713 825 1394 1297 804 848 1198 243
45-34 673 4,493
47-36 846 5,922 1243 995 381 1654 1993 1063 916 1888 1550 2002 1624 719 823 572 1180 689 1299 890 1342
183 1635 726 269 350 337 1254 1532 1080 1998 1352 1237 1978 1443 531 1701 306