Design (A5,A6, . . .) Columns
13-1.1 0 0 0 0 0 0 4,095
14-2.1 0 0 0 0 2 1 511 3,615
15-3.1 0 0 0 3 4 0 255 1807 2867
16-4.1 0 0 0 7 8 0 255 1807 2867 3,413
17-5.1 0 0 0 14 16 255 1807 2867 3,413 3,734
18-6.1 0 0 0 45 0 2047 2111 2503 2777 2922 3,308
19-7.1 0 0 0 78 0 2047 2111 2503 2777 2922 3,308 2996
20-8.1 0 0 0 130 0 2047 2111 2503 2777 2922 3,308 2996 3,441
21-9.1 0 0 0 210 0 2047 2111 2503 2777 2922 3,308 2996 3,441 3,482
22-10.1 0 0 0 330 0 2047 2111 2503 2777 2922 3,308 2996 3,441 3,482 3,670
23-11.1 0 0 0 506 0 2047 2111 2503 2777 2922 3,308 2996 3,441 3,482 3,670 3,747
24-12.1 0 0 0 759 0 2047 2111 2503 2777 2922 3,308 2996 3,441 3,482 3,670 3,747 3,853
25-13 0 15 196 4,031 3,914 1657 2771 1507 2552 746 347 2913 3,273 3,186 2206 2693
26-14 0 36 249
27-15 0 57 309 4,031 3,914 1657 2771 1507 2552 2841 2978 1675 1338 3,249 2964 238 2125 3,212
28-16 0 90 396 4,031 3,429 471 889 3,922 3,289 303 3,622 3,459 3,384 946 2385 2540 1721 2884 2700
29-17 0 130 488 4,031 3,914 1657 2771 1507 2917 2552 2841 2978 1675 1338 350 742 3,158 3,533 1984 301
30-18 0 195 544 4,031 3,914 1657 2771 1507 750 2552 3,190 2841 1675 3,249 3,565 4,048 3,334 3,649 2204 1428
3,644
31-19 0 282 633 4,088 1231 3,254 3,427 4,038 1883 1457 1587 3,245 2961 3,353 3,700 2764 3,819 3,610 3,404
957 2142 996
32-20 0 402 448 3,821 1522 1931 949 223 984 3,726 2899 2077 2486 2706 3,834 1918 2859 3,205 3,985 484
3,611 3,196 2360
35-23 0 856 0 3,511 890 2734 253 1623 3,988 3,166 1349 1955 2465 1657 913 671 2789 2119 973 3,683 214
1981 2927 3,652 1772 3,964
40-28 0 2086 0
41-29 0 2460 0 3,447 719 1438 2965 4,076 1417 2874 2246 3,373 823 2004 2497 744 2478 3,506 2698 3,647
701 3,277 1082 1479 3,172 3,815 3,947 997 3,091 2356 2911 1952
45-33 0 4,490 0
48-36 0 6,768 0 4,087 2862 1468 2235 3,530 1658 866 3,451 1707 3,166 3,589 1423 2601 1684 551 3,656 3,851
3,556 2557 3,968 3,254 1735 3,345 604 1893 3,048 471 2630 2869 3,313 491 1585 2840 2435
3,803 2249
65-53 2223 21,840 3,006 1245 3,924 2159 1441 2808 815 1721 3,352 1887 1653 1234 3,560 3,659 1063 3,590 2545
457 997 915 3,300 3,823 1731 2508 1098 3,665 860 3,132 1458 429 3,382 1555 609 1433 3,087
2227 2435 3,747 3,776 2313 2423 1531 4,083 3,990 1931 2402 3,332 2828 1581 1910 1758 219
1018